spawns: 
  default: 
    world: world
    x: -138.4913049901873
    y: 199.0
    z: -44.474333824789014
    yaw: -0.23046875
    pitch: -1.3500005
