spawns: 
  default: 
    world: world
    x: 89.3215133090953
    y: 94.0
    z: -310.43965599847195
    yaw: -269.55188
    pitch: 2.7001245
